12823
88907
50218
57255
59171
37895
69869
63605
26570
12823
67099
82288
87436
62160
84570
70651
12823
72675
60020
13360
11091
99302
23170
42793
92216
98887
57963
28514
46571
49394
53891
57963
48120
35506
46571
79955
15914
27573
36285
69869
39817
27540
73871
15914
12823
46571
21816
67099
84742
39565
67184
19642
82050
64628
21691
26724
95925
65860
55618
48120
84229
33989
33989
23920
48211
99481
67099
77758
67485
74354
23920
29963
44098
14670
44098
97142
29662
67099
66944
15566
87249
74584
16531
73292
29963
14212
49334
73170
39565
97543
74520
35306
23920
44098
42425
89135
69485
70651
98707
36545
48211
44098
39974
39565
48990
57426
68150
98023
52901
23869
46571
40401
38780
68025
69729
25004
92105
29963
70408
71462
28157
80622
68025
51837
68025
88730
44098
13360
33989
21816
92615
20616
15914
60020
45096
23920
60020
92371
75901
23861
22470
44098
39565
59613
21691
21634
39565
98262
42860
70651
74365
21816
69001
67099
23920
51219
13636
61662
69869
70397
57426
44706
51161
98779
89323
10452
57426
34819
13427
85632
46571
48211
97410
29963
39565
57426
69278
43882
79670
33989
49744
87513
76393
20641
85481
51687
29021
29963
41921
21691
62286
48345
33482
61098
64264
60485
37318
24531
85448
15914
23329
62251
79585
15400
31886
11345
50338
29963
68276
12823
51687
29985
99202
74365
39565
46571
14042
23920
48211
53239
40447
10137
71499
12823
86898
77850
67409
15914
49536
84205
98887
22888
46571
68025
20195
23920
23920
69869
48962
48211
61088
23920
46571
13360
23339
32896
23040
98887
26570
99647
33989
72091
62028
88830
52189
96935
12836
44429
74365
21691
91508
44098
90293
46571
57426
30757
83175
46571
99459
59613
39565
46799
78937
91666
34953
51687
14752
77674
33989
15914
67099
46858
98833
15914
21816
14670
44098
21816
91653
63019
29963
28581
85552
48211
83341
60020
92672
68025
67099
46571
34670
12823
61917
19843
84990
57426
17337
90923
58323
68025
87169
59613
62531
10424
10257
52083
85673
61492
38721
51687
74365
12823
54857
18361
48211
39565
82886
67099
28002
67099
31200
63220
26314
67099
13360
59613
85967
32896
26570
34819
59613
29963
68938
97700
14042
96185
49536
79510
33989
80613
56186
44899
92938
13360
94681
81157
15914
16629
51437
93242
90743
36367
68234
20804
13360
14670
61714
90538
85443
44098
10292
91423
67915
78421
14042
23920
57422
51687
50491
17355
41600
74365
21816
48660
94016
15939
17451
23920
75901
74365
28186
57157
34087
14042
99926
29963
92627
35772
31448
13360
92105
74595
21841
23685
29963
43645
29963
28322
56420
32357
59353
70651
33989
81828
60024
33771
86106
17918
94351
45157
53238
23920
57963
13426
19931
23200
88382
80963
98887
16004
94352
77191
20164
74365
48120
39696
21816
53921
46976
97405
14670
21691
68025
39776
38027
13360
90293
11936
75925
97204
92346
14670
12505
88870
39565
90293
29963
69869
74365
21816
87900
17597
60185
48211
39565
54205
57426
39829
57121
69971
69869
13360
74365
57963
18842
62791
13360
69869
56771
51276
33989
40385
34819
47662
47240
80330
81082
41916
93799
88196
56619
59613
67099
58078
21816
28824
37259
21691
33107
48120
45256
32896
14670
46413
40292
32306
81741
46740
43108
57509
75901
59014
39565
26144
23277
70530
18903
24670
21090
20737
35604
29016
15346
50694
70651
70651
47190
46571
13153
69869
12823
13360
88841
48120
41389
87900
65441
84299
65624
27020
51900
14048
34994
90878
57426
79525
56520
15914
32234
53280
57476
83614
13360
55377
69869
39565
20300
98013
83709
39786
69563
90293
93733
44098
48120
25424
46331
75901
59613
19459
76063
70651
69785
67707
75901
62909
21816
21816
47222
46571
25060
87922
11813
12823
45597
48120
70651
14042
63196
59613
85100
29317
46178
48211
21048
73523
74365
29963
28745
39144
51687
71291
67961
44098
73871
33616
83768
15914
48120
38783
76020
57426
73871
78053
56772
14042
94445
21814
47256
58704
45253
56251
28040
82756
15914
67099
15914
39298
93681
74323
86613
67099
44098
69869
21691
69869
97754
65104
28968
39565
83817
10006
15914
57426
96138
39565
39454
26570
57122
33579
50715
59613
50633
73871
33767
69869
76562
50300
39565
50804
78072
40549
27935
73906
92362
26231
74531
48120
49437
74365
33714
23920
23920
22705
43754
48180
68025
31277
46571
86114
13360
70651
49312
46571
93072
58689
50986
28581
96399
65989
25085
99626
41132
56502
14042
84318
13360
41282
67099
66970
50453
30279
30416
63291
26570
12193
71881
70651
21644
50325
23920
44098
62561
55342
24292
41010
23359
17950
33989
93099
12823
15914
47702
21816
19093
59613
23605
57537
25577
70651
45810
90293
90169
57426
57426
90854
70651
48120
13360
89201
13453
76655
21691
21816
55881
60020
64186
70651
28208
10579
81798
14670
24670
29963
14822
47666
21816
59798
44719
45563
21816
51687
57426
30827
86987
46908
46571
48146
66308
96077
70651
67099
86412
22584
40113
48120
57426
20768
99624
24670
53310
43530
21816
80473
43906
95505
34115
92105
76020
39537
57426
28581
67099
12823
28786
74190
48120
34834
39353
74365
44098
70651
98726
70651
24670
68025
91601
67099
88700
21816
37436
67871
46855
46745
79787
70165
15604
14670
96449
12823
29963
24670
42517
81320
92105
56609
50018
56175
16562
90293
39627
69869
26421
59613
98887
24670
77368
48211
85808
32416
39565
64253
68025
76162
73660
70651
34986
19456
19994
29963
22192
50294
77943
34819
57426
20316
14042
25485
33989
56123
38104
37666
34819
67099
14670
23275
57426
44098
37231
96693
14670
28581
39692
25963
87650
76613
59613
28404
74642
90293
38135
58061
57426
69869
53638
98595
46811
48211
68621
13124
13360
29193
48120
16163
98887
74365
13360
98887
65467
68483
94569
87472
97916
44436
87900
55739
74365
58915
97117
38639
90293
14042
64451
12823
21816
14670
60020
47506
74118
75901
53070
92283
12823
75350
92946
28566
41875
49550
26570
39565
57325
12823
86394
10243
42389
21542
12690
15367
15223
89174
48187
35622
19988
55779
34819
35299
57426
44098
51846
67099
18335
32196
21691
18923
74286
60436
88029
13511
92837
69329
29954
13984
81159
15914
96684
23920
36179
98887
57426
34819
37633
46273
59613
70651
46571
74545
30507
46571
60020
72916
73328
39680
61678
71302
21816
46571
47539
57963
14670
91788
57772
74365
46571
92314
13095
21857
59613
44098
21816
33989