12823
74540
37687
83750
43380
25542
82191
93287
20054
21769
77367
16570
26289
80405
38985
33507
78135
29782
52972
37251
86302
55698
11884
14203
86556
92768
23528
76772
96066
29967
45832
71411
82438
40512
19236
48739
40697
32715
23920
86163
71324
94448
70651
60362
63567
43893
92105
98994
53618
24942
29346
32212
54509
23312
63771
38440
21816
71068
14609
72011
76020
48211
96092
36555
22030
36465
88296
36187
83500
65799
46450
86793
50695
65118
32787
21102
92131
43798
93295
56130
24670
90131
41483
23843
74526
55839
94207
61338
31666
66759
29722
22134
19270
27053
45607
86346
34136
39445
68166
56499
12580
64981
90943
80049
77875
54424
81207
34414
79187
79346
21513
15053
71310
93889
12261
57278
72612
34775
38466
66141
33759
23508
22658
46137
74240
46323
29267
61682
16246
64833
73449
62582
29963
37974
17782
82282
15291
83471
51148
28497
93661
52360
19563
49131
82638
71749
73375
22422
96517
16499
99194
81566
91031
39388
13545
11979
61595
34228
55043
95357
37082
37273
42656
92506
41866
35492
42148
59819
78615
48003
48120
23470
92290
78534
72064
69219
92793
57426
39836
39861
32392
55837
87360
62336
10582
72887
57048
63586
34767
66407
45550
17625
10410
64946
87598
16102
14876
23095
86353
73654
22354
41772
69998
44106
28581
34682
43448
26948
82482
54701
18922
64395
43509
19177
71169
50214
32348
71943
47564
84539
28303
80955
82358
17552
60419
56250
71200
43301
23512
13712
98354
63702
75354
24304
99181
41856
48236
30623
24467
40537
91888
70968
23744
56536
94739
65273
49147
55705
15517
82815
63974
98269
65774
86130
47706
88818
99823
58198
71859
18878
29955
72262
79061
71591
69367
26570
78497
61128
66101
10443
29154
68366
94940
21614
47019
29836
97089
31180
18692
34377
16206
19568
82230
36957
11625
89751
88264
73202
21389
94699
30321
22159
76341
20287
75921
88878
78703
34581
31498
37178
50526
15667
48472
68025
18152
92997
45194
35792
43913
72309
77240
89083
82310
12555
98925
74420
24589
34708
85722
62893
21691
73322
11492
12490
13166
88705
67301
72198
24874
76487
62948
59865
53676
92741
20860
88028
45201
23667
10581
77520
84566
51687
19781
97491
47531
68156
73324
78968
21596
15448
31170
87856
16001
30641
20379
34736
53290
72642
59344
68199
52460
55008
17539
46571
23893
10902
71961
47252
34801
54575
88121
78637
39213
98141
57963
98480
71147
43578
31681
33700
66228
78032
88321
42531
26035
60429
91612
58120
89407
51440
74970
27277
27465
46755
61113
48174
92842
37889
46193
17838
41317
91203
56700
92225
14042
28888
42409
43742
47950
60012
22784
56646
71287
67068
56344
84576
55332
39659
15449
18435
29432
15665
32310
12187
91607
56064
19785
59910
66450
82386
18764
65692
84784
62951
99050
45731
48470
39324
94800
68808
82573
47088
13951
27500
84585
69048
27780
80590
55370
23451
27191
26100
90293
50078
19137
27737
22569
48902
36815
24284
98928
70871
35712
89228
94986
76950
40752
85746
47474
83603
49261
44969
16958
59433
71578
94375
99614
89622
51129
11156
78767
63554
45860
15810
74771
35428
30052
18150
68986
34820
50201
22996
56297
99260
64688
55665
97956
47097
58688
79583
55063
31835
15371
27844
18991
44786
52280
65427
33385
50750
74193
37598
57331
27243
51656
42413
96608
36579
63733
84536
79453
30983
94593
79422
82346
53011
65714
60573
51630
38941
89753
42939
60575
82800
57035
87371
64061
69851
98809
59834
18835
33278
36041
89750
33377
71745
37615
22986
78993
98887
91495
55009
65088
61107
86850
24409
41647
30341
13360
94119
60874
94681
12294
31270
67169
69982
82546
45548
68981
56539
46787
41640
17244
76548
80347
84619
65047
32440
19858
93947
34433
59800
87150
61593
45059
50520
43404
89153
75276
73975
34721
27022
95168
10562
87285
85124
47645
40814
17256
36758
81972
42533
80579
62777
33567
55729
46613
73688
89566
77156
28195
55581
89915
20696
65015
72302
91965
23577
22461
90346
64595
56289
31184
47349
54200
12174
73040
62683
97890
21601
50505
54550
66662
40887
41179
73871
99728
86319
28466
30688
14670
30371
48181
76745
49779
89394
75451
55547
44988
84043
93713
31694
72390
71964
22241
18282
17656
38157
81358
34819
45875
94156
14920
82795
80301
30755
28592
91455
31513
44618
48624
85008
69604
10980
74651
93201
54330
33989
72222
76785
69869
31444
58717
64974
18089
22555
38811
49910
57919
18217
78980
27451
78501
19069
75640
87479
41487
70904
21143
86138
87503
22997
71054
55242
24796
30921
73901
78719
73668
40062
35543
55260
13994
86199
19950
84417
84692
72516
73062
42339
11175
72962
87900
86061
87216
23397
30171
68984
40889
72952
14335
45886
93935
26858
58806
88530
51385
82517
17888
33574
38099
35615
40717
92891
10071
24679
64001
50189
75901
19520
57337
15914
55533
74365
96604
95480
45043
64043
36479
39565
30729
19592
26575
96389
70446
18115
36896
46417
28955
95051
93673
78658
75363
59940
40027
38318
50269
25217
69573
53784
17175
70773
89981
17683
10680
88622
56828
71454
59613
93410
30592
15125
85953
79266
49278
12848
63339
50598
16139
77235
78026
47079
56200
47450
25045
91763
67107
49768
10521
16496
51163
57687
95222
43170
97168
71573
56432
25242
46595
32896
48197
75971
28619
94122
87681
60991
71377
61971
57550
57301
27464
83664
71107
61718
87707
11237
26115
20429
56169
69274
70566
47104
17710
92830
56054
16340
10392
62500
99320
56618
42612
37193
67800
57447
42054
81285
56698
60682
94833
11001
13344
26492
77913
27127
89373
84245
93176
75068
64691
74682
50985
22840
65569
49536
47009
56625
49670
98701
90721
90568
34398
40654
55254
30820
42973
79937
19796
39676
51100
49955
26946
58367
94451
86596
15417
49413
67099
68239
71586
86204
64235
63186
17587
99477
92932
79794
45968
97597
18098
22937
62634
60948
42836
22355
91739
64123
64181
33245
77922
84133
48885
70613
83117
58707
12185
60020
14029
18414
60903
87438
65638
88259
99038
68699
21850
62281
87797
63846
64314
52539
83073
26743
52779
32981
51090
39533
44432
31692
25549
92429
99835
44128
88115
39366
61773
45953
43635
18349
72541
97794
64562
44098
93431
74605
79186
47291
37794
33349
79910
67576
11875
94186
32249
31261
29272
86184
73999
72117
62639
83988
56794
15112
71467
44399
45068
51866
53229
78623
40054
41884
35923
22363
71817
40307
38911
72191
91448
60833
48061
31899